[[ 0.06410449 -0.92767567 -1.58609451 ..., -0.11931041 -0.12767814
  -0.05933913]
 [ 0.04823325 -0.88348713 -1.69657702 ..., -0.11931041 -0.12767814
  -0.05933913]
 [ 0.08791136 -0.94535109 -1.47561199 ..., -0.11931041 -0.12767814
  -0.05933913]
 ..., 
 [ 0.          0.          0.         ...,  0.          0.          0.        ]
 [ 0.          0.          0.         ...,  0.          0.          0.        ]
 [ 0.          0.          0.         ...,  0.          0.          0.        ]]
7845.90972099 156463.498706
156463.498706 213659.548208
213659.548208 315909.244099
315909.244099 167597.218432
167597.218432 149896.483606
149896.483606 143413.090029
143413.090029 152197.216295
152197.216295 154552.855494
154552.855494 155367.108242
155367.108242 144997.033804
155367.108242 144997.033804
[[   1.    1.    0.    0.    0.    0.    0.    0.    0.    1.    1.    0.
     0.    0.   -4.   -1.    0.    0.    0.    0.    0.    0.    0.    0.
     0.    0.    0.    0.    0.    0.    0.    0.    0.    0.    0.   81.
    58.   53.    0.    0.    0.    0.  187.   21.    0.    0.    0.    0.
     0.    0.    0.    0.   77.    0.]
 [   0.    0.    0.    0.    0.    0.    0.    0.    0.    0.  251.    0.
    43. -175.    0.    0.    0.    0.    0.    0.    0.    0.    0.    0.
     0.    8.    0.    0.    0.    0.    0.    0.    0.    0.    0.   -1.
     0.    5.    0.    0.    0.   24.  151.    0.  201.  445.  101.    2.
     0.    0.    0.    0.    0.    0.]
 [   0.    0.    2.    1.    0.    0.   11.    0.  -10.    0.   -6.    0.
     0.    0.   13.   19.   94.    0.    0.   68.    0.    0.    0.  384.
     0.    0.    0.    0.    0.    0.    0.    0.    0.    0.    0.   -1.
     0.    0.    0.    0.    0.    0.    0.    0.    0.    0.    0.    0.
     0.    0.    0.    0.    0.    0.]
 [ -91.   -1.   -9.  -15.    0.    0.   -1.    0.    1.    0.    0.    0.
     0.    0.    1.   17.  124.   88.   22.   66.    0.    0.    0.   39.
    19.    0.    0.   15.    0.    5.  717.    0.    0.    0.    0.   -1.
     0.    0.    0.    0.    0.    0.    0.    0.    0.    0.    0.    0.
     0.    0.    0.    0.    0.    0.]
 [   0.    0.    0.    0.    0.    0.    0.    0.   -1.    0.    0.    0.
   281.    4.    0.    0.    0.    0.    0.    0.    0.    0.    0.    0.
     0.    0.  810.    0.    0.    0.    0.   84.    0.    0.    0.   -1.
     0.    0.    0.    0.    0.    0.   78.  506.  156.  359.   27.    0.
     0.    0.    0.    0.    0.    0.]
 [   0.    4.    0.    3.    0.    0.  -31.    2.    5.    0.    0.    0.
     0.    0.   -2.    8.    0.   -3.   -4.   16.    0.    0.    0.  362.
     0.    0.    0.    0.    0.    0.    0.    0.    0.    0.    0.   -1.
     0.    0.    0.    0.    0.    0.    0.    0.    0.    0.    0.    0.
     0.    0.    0.    0.    0.    0.]
 [  20.    0.    0.    0.    0.    1.    0.    0.    0.   25.   27.    0.
     0.    0.    0.    0.    0.    0.    0.    0.    0.    0.    0.    0.
     0.    0.    0.    0.    0.    0.    0.    0.    0.    0.    0.   -1.
    93.    0.    0.    0.    0.    0.    0.    0.    0.    0.    0.    0.
     0.    0.    0.  644.  218.  516.]]
0.561483739837
[39, 512, 143, 597, 314, 254, 109]
