[[ 0.06410449 -0.92767567 -1.58609451 ..., -0.11931041 -0.12767814
  -0.05933913]
 [ 0.04823325 -0.88348713 -1.69657702 ..., -0.11931041 -0.12767814
  -0.05933913]
 [ 0.08791136 -0.94535109 -1.47561199 ..., -0.11931041 -0.12767814
  -0.05933913]
 ..., 
 [ 0.          0.          0.         ...,  0.          0.          0.        ]
 [ 0.          0.          0.         ...,  0.          0.          0.        ]
 [ 0.          0.          0.         ...,  0.          0.          0.        ]]
7845.90972099 156463.498706
156463.498706 213659.548208
213659.548208 315909.244099
315909.244099 167597.218432
167597.218432 149896.483606
149896.483606 143413.090029
143413.090029 152197.216295
152197.216295 154552.855494
154552.855494 155367.108242
155367.108242 144997.033804
144997.033804 129176.760209
129176.760209 128809.271174
128809.271174 114918.382349
114918.382349 124424.635638
124424.635638 118756.306533
118756.306533 108440.081273
108440.081273 107068.102264
107068.102264 120516.050659
120516.050659 97397.0191352
97397.0191352 97514.7652034
97397.0191352 97514.7652034
[[  1.00000000e+00   1.00000000e+00   0.00000000e+00   0.00000000e+00
    0.00000000e+00   0.00000000e+00   0.00000000e+00   0.00000000e+00
    0.00000000e+00   1.00000000e+00   1.00000000e+00   0.00000000e+00
    0.00000000e+00   0.00000000e+00  -4.00000000e+00  -1.00000000e+00
    0.00000000e+00   0.00000000e+00   0.00000000e+00   0.00000000e+00
    0.00000000e+00   0.00000000e+00   0.00000000e+00   0.00000000e+00
    0.00000000e+00   0.00000000e+00   0.00000000e+00   0.00000000e+00
    0.00000000e+00   0.00000000e+00   0.00000000e+00   0.00000000e+00
    0.00000000e+00   0.00000000e+00   0.00000000e+00   8.10000000e+01
    1.06000000e+02   1.17000000e+02   0.00000000e+00   0.00000000e+00
    0.00000000e+00   0.00000000e+00   4.03000000e+02   4.10000000e+01
    0.00000000e+00   0.00000000e+00   0.00000000e+00   0.00000000e+00
    0.00000000e+00   0.00000000e+00   0.00000000e+00   0.00000000e+00
    1.57000000e+02   0.00000000e+00]
 [  0.00000000e+00   0.00000000e+00   0.00000000e+00   0.00000000e+00
    0.00000000e+00   0.00000000e+00   0.00000000e+00   0.00000000e+00
    0.00000000e+00   0.00000000e+00   2.51000000e+02   0.00000000e+00
    7.80000000e+01  -1.75000000e+02   0.00000000e+00   0.00000000e+00
    0.00000000e+00   0.00000000e+00   0.00000000e+00   0.00000000e+00
    0.00000000e+00   0.00000000e+00   0.00000000e+00   0.00000000e+00
    0.00000000e+00   8.00000000e+00   0.00000000e+00   0.00000000e+00
    0.00000000e+00   0.00000000e+00   0.00000000e+00   0.00000000e+00
    0.00000000e+00   0.00000000e+00   0.00000000e+00  -1.00000000e+00
    0.00000000e+00   1.00000000e+01   0.00000000e+00   0.00000000e+00
    0.00000000e+00   4.90000000e+01   1.52000000e+02   0.00000000e+00
    4.10000000e+02   8.47000000e+02   1.92000000e+02   5.00000000e+00
    0.00000000e+00   0.00000000e+00   0.00000000e+00   0.00000000e+00
    0.00000000e+00   0.00000000e+00]
 [  0.00000000e+00   0.00000000e+00   2.00000000e+00   1.00000000e+00
    0.00000000e+00   0.00000000e+00   1.30000000e+01   0.00000000e+00
   -1.20000000e+01   0.00000000e+00  -6.00000000e+00   0.00000000e+00
    0.00000000e+00   0.00000000e+00   1.30000000e+01   1.90000000e+01
    1.14000000e+02   0.00000000e+00   0.00000000e+00   6.80000000e+01
    0.00000000e+00   0.00000000e+00   0.00000000e+00   5.08000000e+02
    0.00000000e+00   0.00000000e+00   0.00000000e+00   0.00000000e+00
    0.00000000e+00   0.00000000e+00   0.00000000e+00   0.00000000e+00
    0.00000000e+00   0.00000000e+00   0.00000000e+00  -1.00000000e+00
    0.00000000e+00   0.00000000e+00   0.00000000e+00   0.00000000e+00
    0.00000000e+00   0.00000000e+00   0.00000000e+00   0.00000000e+00
    0.00000000e+00   0.00000000e+00   0.00000000e+00   0.00000000e+00
    0.00000000e+00   0.00000000e+00   0.00000000e+00   0.00000000e+00
    0.00000000e+00   0.00000000e+00]
 [ -9.10000000e+01  -1.00000000e+00  -1.10000000e+01  -2.50000000e+01
    0.00000000e+00   0.00000000e+00  -1.00000000e+00   0.00000000e+00
    1.00000000e+00   0.00000000e+00   0.00000000e+00   0.00000000e+00
    0.00000000e+00   0.00000000e+00   1.00000000e+00   1.70000000e+01
    1.22000000e+02   8.80000000e+01   2.20000000e+01   6.60000000e+01
    0.00000000e+00   0.00000000e+00   0.00000000e+00   7.90000000e+01
    1.90000000e+01   0.00000000e+00   0.00000000e+00   1.50000000e+01
    0.00000000e+00   5.00000000e+00   7.75000000e+02   0.00000000e+00
    0.00000000e+00   0.00000000e+00   0.00000000e+00  -1.00000000e+00
    0.00000000e+00   0.00000000e+00   0.00000000e+00   0.00000000e+00
    0.00000000e+00   0.00000000e+00   0.00000000e+00   0.00000000e+00
    0.00000000e+00   0.00000000e+00   0.00000000e+00   0.00000000e+00
    0.00000000e+00   0.00000000e+00   0.00000000e+00   0.00000000e+00
    0.00000000e+00   0.00000000e+00]
 [  0.00000000e+00   0.00000000e+00   0.00000000e+00   0.00000000e+00
    0.00000000e+00   0.00000000e+00   0.00000000e+00   0.00000000e+00
   -1.00000000e+00   0.00000000e+00   0.00000000e+00   0.00000000e+00
    5.82000000e+02   4.00000000e+00   0.00000000e+00   0.00000000e+00
    0.00000000e+00   0.00000000e+00   0.00000000e+00   0.00000000e+00
    0.00000000e+00   0.00000000e+00   0.00000000e+00   0.00000000e+00
    0.00000000e+00   0.00000000e+00   1.51200000e+03   0.00000000e+00
    0.00000000e+00   0.00000000e+00   0.00000000e+00   8.40000000e+01
    0.00000000e+00   0.00000000e+00   0.00000000e+00  -1.00000000e+00
    0.00000000e+00   0.00000000e+00   0.00000000e+00   0.00000000e+00
    0.00000000e+00   0.00000000e+00   7.80000000e+01   5.06000000e+02
    2.62000000e+02   7.19000000e+02   3.80000000e+01   0.00000000e+00
    0.00000000e+00   0.00000000e+00   0.00000000e+00   0.00000000e+00
    0.00000000e+00   0.00000000e+00]
 [  0.00000000e+00   4.00000000e+00   0.00000000e+00   3.00000000e+00
    0.00000000e+00   0.00000000e+00  -3.10000000e+01   2.00000000e+00
    5.00000000e+00   0.00000000e+00   0.00000000e+00   0.00000000e+00
    0.00000000e+00   0.00000000e+00  -2.00000000e+00   8.00000000e+00
    0.00000000e+00  -3.00000000e+00  -4.00000000e+00   1.60000000e+01
    0.00000000e+00   0.00000000e+00   0.00000000e+00   4.98000000e+02
    0.00000000e+00   0.00000000e+00   0.00000000e+00   0.00000000e+00
    0.00000000e+00   0.00000000e+00   0.00000000e+00   0.00000000e+00
    0.00000000e+00   0.00000000e+00   0.00000000e+00  -1.00000000e+00
    0.00000000e+00   0.00000000e+00   0.00000000e+00   0.00000000e+00
    0.00000000e+00   0.00000000e+00   0.00000000e+00   0.00000000e+00
    0.00000000e+00   0.00000000e+00   0.00000000e+00   0.00000000e+00
    0.00000000e+00   0.00000000e+00   0.00000000e+00   0.00000000e+00
    0.00000000e+00   0.00000000e+00]
 [  4.00000000e+01   0.00000000e+00   0.00000000e+00   0.00000000e+00
    0.00000000e+00   1.00000000e+00   0.00000000e+00   0.00000000e+00
    0.00000000e+00   4.50000000e+01   2.70000000e+01   0.00000000e+00
    0.00000000e+00   0.00000000e+00   0.00000000e+00   0.00000000e+00
    0.00000000e+00   0.00000000e+00   0.00000000e+00   0.00000000e+00
    0.00000000e+00   0.00000000e+00   0.00000000e+00   0.00000000e+00
    0.00000000e+00   0.00000000e+00   0.00000000e+00   0.00000000e+00
    0.00000000e+00   0.00000000e+00   0.00000000e+00   0.00000000e+00
    0.00000000e+00   0.00000000e+00   0.00000000e+00  -1.00000000e+00
    9.30000000e+01   0.00000000e+00   0.00000000e+00   0.00000000e+00
    0.00000000e+00   0.00000000e+00   0.00000000e+00   0.00000000e+00
    0.00000000e+00   0.00000000e+00   0.00000000e+00   0.00000000e+00
    0.00000000e+00   0.00000000e+00   0.00000000e+00   1.22700000e+03
    4.23000000e+02   9.96000000e+02]]
0.533536585366
[377, 174, 63, 649, 315, 285, 105]
