[[ 0.06410449 -0.92767567 -1.58609451 ..., -0.11931041 -0.12767814
  -0.05933913]
 [ 0.04823325 -0.88348713 -1.69657702 ..., -0.11931041 -0.12767814
  -0.05933913]
 [ 0.08791136 -0.94535109 -1.47561199 ..., -0.11931041 -0.12767814
  -0.05933913]
 ..., 
 [ 0.          0.          0.         ...,  0.          0.          0.        ]
 [ 0.          0.          0.         ...,  0.          0.          0.        ]
 [ 0.          0.          0.         ...,  0.          0.          0.        ]]
7845.90972099 156463.498706
156463.498706 213659.548208
213659.548208 315909.244099
315909.244099 167597.218432
167597.218432 149896.483606
149896.483606 143413.090029
143413.090029 152197.216295
152197.216295 154552.855494
154552.855494 155367.108242
155367.108242 144997.033804
144997.033804 129176.760209
129176.760209 128809.271174
128809.271174 114918.382349
114918.382349 124424.635638
124424.635638 118756.306533
118756.306533 108440.081273
108440.081273 107068.102264
107068.102264 120516.050659
120516.050659 97397.0191352
97397.0191352 97514.7652034
97514.7652034 97638.1354084
97638.1354084 99477.3957316
99477.3957316 99976.7340934
99976.7340934 102435.11841
102435.11841 102881.547835
102881.547835 104355.554013
104355.554013 105230.83047
105230.83047 106360.627586
106360.627586 106956.902707
106956.902707 108503.248573
108503.248573 122926.100197
122926.100197 173159.626125
173159.626125 171240.714302
171240.714302 170866.762223
170866.762223 167249.218443
167249.218443 166695.578727
166695.578727 164457.853722
164457.853722 162583.548932
162583.548932 160843.263469
160843.263469 160611.993515
160611.993515 159938.901834
159938.901834 158539.763032
158539.763032 156006.983573
156006.983573 154421.34923
154421.34923 153100.069275
153100.069275 150205.902534
150205.902534 148851.195518
148851.195518 146003.134208
146003.134208 144040.985184
144040.985184 143124.976543
143124.976543 146522.827835
146522.827835 111866.319744
111866.319744 111955.355545
111955.355545 112521.018749
112521.018749 113202.769064
113202.769064 113586.893705
113586.893705 113986.045321
113986.045321 115065.406587
115065.406587 115053.244074
115053.244074 115940.350902
115940.350902 116888.796938
116888.796938 117376.645485
117376.645485 118322.581114
118322.581114 126392.933499
126392.933499 136008.449976
136008.449976 134914.49955
134914.49955 134271.247815
134271.247815 132695.41191
132695.41191 128356.222553
128356.222553 121627.381239
121627.381239 121153.620907
121153.620907 119529.403163
119529.403163 118464.041589
118464.041589 115280.644072
115280.644072 152602.33267
152602.33267 131587.561558
131587.561558 135305.813446
135305.813446 143335.055624
143335.055624 105433.764581
105433.764581 105607.11409
105607.11409 107205.544246
107205.544246 107426.310116
107426.310116 106634.872852
106634.872852 112542.110486
112542.110486 137970.752159
137970.752159 168415.848299
168415.848299 185972.046724
185972.046724 189008.962269
189008.962269 180777.098065
180777.098065 178439.005269
178439.005269 178777.823123
178777.823123 180739.66626
180739.66626 184844.60795
184844.60795 181633.009999
181633.009999 167188.990814
167188.990814 169065.319903
169065.319903 168567.456595
168567.456595 171717.80546
171717.80546 171839.222565
171839.222565 175177.448253
171839.222565 175177.448253
[[  1.00000000e+00   1.00000000e+00   0.00000000e+00   0.00000000e+00
    0.00000000e+00   0.00000000e+00   0.00000000e+00   0.00000000e+00
    0.00000000e+00   2.00000000e+00   1.00000000e+00   0.00000000e+00
    0.00000000e+00   0.00000000e+00  -1.60000000e+01  -3.00000000e+00
    0.00000000e+00   0.00000000e+00   0.00000000e+00   0.00000000e+00
    0.00000000e+00   0.00000000e+00   0.00000000e+00   0.00000000e+00
    0.00000000e+00   0.00000000e+00   0.00000000e+00   0.00000000e+00
    0.00000000e+00   0.00000000e+00   0.00000000e+00   0.00000000e+00
    0.00000000e+00   0.00000000e+00   0.00000000e+00   8.10000000e+01
    1.93000000e+02   7.80000000e+02   0.00000000e+00   0.00000000e+00
    0.00000000e+00   0.00000000e+00   4.03000000e+02   2.52000000e+02
    0.00000000e+00   0.00000000e+00   0.00000000e+00   0.00000000e+00
    0.00000000e+00   0.00000000e+00   0.00000000e+00   0.00000000e+00
    7.99000000e+02   0.00000000e+00]
 [  0.00000000e+00   0.00000000e+00   0.00000000e+00   0.00000000e+00
    0.00000000e+00   0.00000000e+00   0.00000000e+00   0.00000000e+00
    0.00000000e+00   0.00000000e+00   2.51000000e+02   0.00000000e+00
    3.22000000e+02  -1.75000000e+02   0.00000000e+00   0.00000000e+00
    0.00000000e+00   0.00000000e+00   0.00000000e+00   0.00000000e+00
    0.00000000e+00   0.00000000e+00   0.00000000e+00   0.00000000e+00
    0.00000000e+00   3.20000000e+01   0.00000000e+00   0.00000000e+00
    0.00000000e+00   0.00000000e+00   0.00000000e+00   0.00000000e+00
    0.00000000e+00   0.00000000e+00   0.00000000e+00  -1.00000000e+00
    0.00000000e+00   1.00000000e+01   0.00000000e+00   0.00000000e+00
    0.00000000e+00   3.31000000e+02   3.14000000e+02   0.00000000e+00
    1.88000000e+03   4.11700000e+03   1.18300000e+03   5.00000000e+00
    0.00000000e+00   0.00000000e+00   0.00000000e+00   0.00000000e+00
    0.00000000e+00   0.00000000e+00]
 [  0.00000000e+00   0.00000000e+00   2.00000000e+00   1.00000000e+00
    0.00000000e+00   0.00000000e+00   1.80000000e+01   0.00000000e+00
   -1.20000000e+01   0.00000000e+00  -6.00000000e+00   0.00000000e+00
    0.00000000e+00   0.00000000e+00   3.40000000e+01   4.10000000e+01
    1.37000000e+02   0.00000000e+00   0.00000000e+00   7.30000000e+01
    0.00000000e+00   0.00000000e+00   0.00000000e+00   1.52600000e+03
    0.00000000e+00   0.00000000e+00   0.00000000e+00   0.00000000e+00
    0.00000000e+00   0.00000000e+00   0.00000000e+00   0.00000000e+00
    0.00000000e+00   0.00000000e+00   0.00000000e+00  -1.00000000e+00
    0.00000000e+00   0.00000000e+00   0.00000000e+00   0.00000000e+00
    0.00000000e+00   0.00000000e+00   0.00000000e+00   0.00000000e+00
    0.00000000e+00   0.00000000e+00   0.00000000e+00   0.00000000e+00
    0.00000000e+00   0.00000000e+00   0.00000000e+00   0.00000000e+00
    0.00000000e+00   0.00000000e+00]
 [ -9.10000000e+01  -4.90000000e+01  -1.10000000e+01  -1.05000000e+02
    0.00000000e+00   0.00000000e+00  -1.00000000e+00   0.00000000e+00
    1.00000000e+00   0.00000000e+00   0.00000000e+00   0.00000000e+00
    0.00000000e+00   0.00000000e+00   1.00000000e+00   1.70000000e+01
    1.22000000e+02   8.80000000e+01   2.20000000e+01   6.50000000e+01
    0.00000000e+00   0.00000000e+00   0.00000000e+00   3.99000000e+02
    1.90000000e+01   0.00000000e+00   0.00000000e+00   1.50000000e+01
    0.00000000e+00   5.00000000e+00   1.87700000e+03   0.00000000e+00
    0.00000000e+00   0.00000000e+00   0.00000000e+00  -1.00000000e+00
    0.00000000e+00   0.00000000e+00   0.00000000e+00   0.00000000e+00
    0.00000000e+00   0.00000000e+00   0.00000000e+00   0.00000000e+00
    0.00000000e+00   0.00000000e+00   0.00000000e+00   0.00000000e+00
    0.00000000e+00   0.00000000e+00   0.00000000e+00   0.00000000e+00
    0.00000000e+00   0.00000000e+00]
 [  0.00000000e+00   0.00000000e+00   0.00000000e+00   0.00000000e+00
    0.00000000e+00   0.00000000e+00   0.00000000e+00   0.00000000e+00
   -1.00000000e+00   0.00000000e+00   0.00000000e+00   0.00000000e+00
    3.31700000e+03   4.00000000e+00   0.00000000e+00   0.00000000e+00
    0.00000000e+00   0.00000000e+00   0.00000000e+00   0.00000000e+00
    0.00000000e+00   0.00000000e+00   0.00000000e+00   0.00000000e+00
    0.00000000e+00   0.00000000e+00   6.79200000e+03   0.00000000e+00
    0.00000000e+00   0.00000000e+00   0.00000000e+00   8.40000000e+01
    0.00000000e+00   0.00000000e+00   0.00000000e+00  -1.00000000e+00
    0.00000000e+00   0.00000000e+00   0.00000000e+00   0.00000000e+00
    0.00000000e+00   0.00000000e+00   7.80000000e+01   1.11300000e+03
    9.82000000e+02   3.23900000e+03   8.30000000e+01   0.00000000e+00
    0.00000000e+00   0.00000000e+00   0.00000000e+00   0.00000000e+00
    0.00000000e+00   0.00000000e+00]
 [  0.00000000e+00   4.00000000e+00   0.00000000e+00   3.00000000e+00
    0.00000000e+00   0.00000000e+00  -3.10000000e+01   4.00000000e+00
    5.00000000e+00   0.00000000e+00   0.00000000e+00   0.00000000e+00
    0.00000000e+00   0.00000000e+00  -2.00000000e+00   2.90000000e+01
    0.00000000e+00  -3.00000000e+00  -4.00000000e+00   1.70000000e+01
    0.00000000e+00   0.00000000e+00   0.00000000e+00   1.51500000e+03
    0.00000000e+00   0.00000000e+00   0.00000000e+00   0.00000000e+00
    0.00000000e+00   0.00000000e+00   0.00000000e+00   0.00000000e+00
    0.00000000e+00   0.00000000e+00   0.00000000e+00  -1.00000000e+00
    0.00000000e+00   0.00000000e+00   0.00000000e+00   0.00000000e+00
    0.00000000e+00   0.00000000e+00   0.00000000e+00   0.00000000e+00
    0.00000000e+00   0.00000000e+00   0.00000000e+00   0.00000000e+00
    0.00000000e+00   0.00000000e+00   0.00000000e+00   0.00000000e+00
    0.00000000e+00   0.00000000e+00]
 [  1.67000000e+02   0.00000000e+00   0.00000000e+00   0.00000000e+00
    0.00000000e+00   1.00000000e+00   0.00000000e+00   0.00000000e+00
    0.00000000e+00   1.20000000e+02   2.70000000e+01   0.00000000e+00
    0.00000000e+00   0.00000000e+00   0.00000000e+00   0.00000000e+00
    0.00000000e+00   0.00000000e+00   0.00000000e+00   0.00000000e+00
    0.00000000e+00   0.00000000e+00   0.00000000e+00   0.00000000e+00
    0.00000000e+00   0.00000000e+00   0.00000000e+00   0.00000000e+00
    0.00000000e+00   0.00000000e+00   0.00000000e+00   0.00000000e+00
    0.00000000e+00   0.00000000e+00   0.00000000e+00  -1.00000000e+00
    2.50000000e+02   0.00000000e+00   0.00000000e+00   0.00000000e+00
    0.00000000e+00   0.00000000e+00   0.00000000e+00   0.00000000e+00
    0.00000000e+00   0.00000000e+00   0.00000000e+00   0.00000000e+00
    0.00000000e+00   0.00000000e+00   0.00000000e+00   5.39300000e+03
    1.55000000e+03   4.83600000e+03]]
0.5
[544, 60, 89, 597, 318, 289, 71]
