[[ 0.06410449 -0.92767567 -1.58609451 ..., -0.11931041 -0.12767814
  -0.05933913]
 [ 0.04823325 -0.88348713 -1.69657702 ..., -0.11931041 -0.12767814
  -0.05933913]
 [ 0.08791136 -0.94535109 -1.47561199 ..., -0.11931041 -0.12767814
  -0.05933913]
 ..., 
 [ 0.          0.          0.         ...,  0.          0.          0.        ]
 [ 0.          0.          0.         ...,  0.          0.          0.        ]
 [ 0.          0.          0.         ...,  0.          0.          0.        ]]
7845.90972099 156463.498706
7845.90972099 156463.498706
[[   1.    1.    0.    0.    0.    0.    0.    0.    0.    1.    1.    0.
     0.    0.    0.    0.    0.    0.    0.    0.    0.    0.    0.    0.
     0.    0.    0.    0.    0.    0.    0.    0.    0.    0.    0.   81.
     0.    3.    0.    0.    0.    0.    0.    0.    0.    0.    0.    0.
     0.    0.    0.    0.    5.    0.]
 [   0.    0.    0.    0.    0.    0.    0.    0.    0.    0.    0.    0.
     5.    0.    0.    0.    0.    0.    0.    0.    0.    0.    0.    0.
     0.    0.    0.    0.    0.    0.    0.    0.    0.    0.    0.   -1.
     0.    0.    0.    0.    0.    0.    1.    0.   34.   34.   11.    0.
     0.    0.    0.    0.    0.    0.]
 [   0.    0.    0.    0.    0.    0.    1.    0.   -1.    0.    0.    0.
     0.    0.    1.    0.    3.    0.    0.    9.    0.    0.    0.    0.
     0.    0.    0.    0.    0.    0.    0.    0.    0.    0.    0.   -1.
     0.    0.    0.    0.    0.    0.    0.    0.    0.    0.    0.    0.
     0.    0.    0.    0.    0.    0.]
 [   0.    0.    0.    0.    0.    0.    0.    0.    0.    0.    0.    0.
     0.    0.    0.    3.  141.   14.   10.    0.    0.    0.    0.    2.
    19.    0.    0.    0.    0.    0.    0.    0.    0.    0.    0.   -1.
     0.    0.    0.    0.    0.    0.    0.    0.    0.    0.    0.    0.
     0.    0.    0.    0.    0.    0.]
 [   0.    0.    0.    0.    0.    0.    0.    0.    0.    0.    0.    0.
   109.    0.    0.    0.    0.    0.    0.    0.    0.    0.    0.    0.
     0.    0.  135.    0.    0.    0.    0.    0.    0.    0.    0.   -1.
     0.    0.    0.    0.    0.    0.    0.   61.    0.   54.    0.    0.
     0.    0.    0.    0.    0.    0.]
 [   0.    0.    0.    0.    0.    0.    0.    0.    0.    0.    0.    0.
     0.    0.    0.    3.    0.    0.    0.    0.    0.    0.    0.   15.
     0.    0.    0.    0.    0.    0.    0.    0.    0.    0.    0.   -1.
     0.    0.    0.    0.    0.    0.    0.    0.    0.    0.    0.    0.
     0.    0.    0.    0.    0.    0.]
 [   1.    0.    0.    0.    0.    1.    0.    0.    0.    0.   14.    0.
     0.    0.    0.    0.    0.    0.    0.    0.    0.    0.    0.    0.
     0.    0.    0.    0.    0.    0.    0.    0.    0.    0.    0.   -1.
     0.    0.    0.    0.    0.    0.    0.    0.    0.    0.    0.    0.
     0.    0.    0.  175.  132.   84.]]
0.412093495935
[106, 25, 741, 310, 360, 358, 68]
